5.000604763519791618e+01
5.002005206269816995e+01
5.003405649019842372e+01
5.004806091769867749e+01
5.006206534519893125e+01
5.007606977269918502e+01
5.009007420019943879e+01
5.010407862769969256e+01
5.011808305519994633e+01
5.013208748270020010e+01
5.014609191020045387e+01
5.016009633770070764e+01
5.017410076520096140e+01
5.018810519270121517e+01
5.020210962020146894e+01
5.021611404770172271e+01
5.023011847520197648e+01
5.024412290270223025e+01
5.025812733020248402e+01
5.027213175770273779e+01
5.028613618520299156e+01
5.030014061270324532e+01
5.031414504020349909e+01
5.032814946770375286e+01
5.034215389520400663e+01
5.035615832270426040e+01
5.037016275020451417e+01
5.038416717770476794e+01
5.039817160520502171e+01
5.041217603270527547e+01
5.042618046020552924e+01
5.044018488770578301e+01
5.045418931520603678e+01
5.046819374270629055e+01
5.048219817020654432e+01
5.049620259770679809e+01
5.051020702520705186e+01
5.052421145270730563e+01
5.053821588020755939e+01
5.055222030770781316e+01
5.056622473520806693e+01
5.058022916270832070e+01
5.059423359020857447e+01
5.060823801770882824e+01
5.062224244520908201e+01
5.063624687270933578e+01
5.065025130020958954e+01
5.066425572770984331e+01
5.067826015521009708e+01
5.069226458271035085e+01
5.070626901021060462e+01
5.072027343771085839e+01
5.073427786521111216e+01
5.074828229271136593e+01
5.076228672021161969e+01
5.077629114771187346e+01
5.079029557521212723e+01
5.080430000271238100e+01
5.081830443021263477e+01
5.083230885771288854e+01
5.084631328521314231e+01
5.086031771271339608e+01
5.087432214021364985e+01
5.088832656771390361e+01
5.090233099521415738e+01
5.091633542271441115e+01
5.093033985021466492e+01
5.094434427771491869e+01
5.095834870521517246e+01
5.097235313271542623e+01
5.098635756021568000e+01
5.100036198771593376e+01
5.101436641521618753e+01
5.102837084271644130e+01
5.104237527021669507e+01
5.105637969771694884e+01
5.107038412521720261e+01
5.108438855271745638e+01
5.109839298021771015e+01
5.111239740771796392e+01
5.112640183521821768e+01
5.114040626271847145e+01
5.115441069021872522e+01
5.116841511771897899e+01
5.118241954521923276e+01
5.119642397271948653e+01
5.121042840021974030e+01
5.122443282771999407e+01
5.123843725522024783e+01
5.125244168272050160e+01
5.126644611022075537e+01
5.128045053772100914e+01
5.129445496522126291e+01
5.130845939272151668e+01
5.132246382022177045e+01
5.133646824772202422e+01
5.135047267522227799e+01
5.136447710272253175e+01
5.137848153022278552e+01
5.139248595772303929e+01
5.140649038522329306e+01
5.142049481272354683e+01
5.143449924022380060e+01
5.144850366772405437e+01
5.146250809522430814e+01
5.147651252272456190e+01
5.149051695022481567e+01
5.150452137772506944e+01
5.151852580522532321e+01
5.153253023272557698e+01
5.154653466022583075e+01
5.156053908772608452e+01
5.157454351522633829e+01
5.158854794272659205e+01
5.160255237022684582e+01
5.161655679772709959e+01
5.163056122522735336e+01
5.164456565272760713e+01
5.165857008022786090e+01
5.167257450772811467e+01
5.168657893522836844e+01
5.170058336272862221e+01
5.171458779022887597e+01
5.172859221772912974e+01
5.174259664522938351e+01
5.175660107272963728e+01
5.177060550022989105e+01
5.178460992773014482e+01
5.179861435523039859e+01
5.181261878273065236e+01
5.182662321023090612e+01
5.184062763773115989e+01
5.185463206523141366e+01
5.186863649273166743e+01
5.188264092023192120e+01
5.189664534773217497e+01
5.191064977523242874e+01
5.192465420273268251e+01
5.193865863023293628e+01
5.195266305773319004e+01
5.196666748523344381e+01
5.198067191273369758e+01
5.199467634023395135e+01
5.200868076773420512e+01
5.202268519523445889e+01
5.203668962273471266e+01
5.205069405023496643e+01
5.206469847773522019e+01
5.207870290523547396e+01
5.209270733273572773e+01
5.210671176023598150e+01
5.212071618773623527e+01
5.213472061523648904e+01
5.214872504273674281e+01
5.216272947023699658e+01
5.217673389773725035e+01
5.219073832523750411e+01
5.220474275273775788e+01
5.221874718023801165e+01
5.223275160773826542e+01
5.224675603523851919e+01
5.226076046273877296e+01
5.227476489023902673e+01
5.228876931773928050e+01
5.230277374523953426e+01
5.231677817273978803e+01
5.233078260024004180e+01
5.234478702774029557e+01
5.235879145524054934e+01
5.237279588274080311e+01
5.238680031024105688e+01
5.240080473774131065e+01
5.241480916524156441e+01
5.242881359274181818e+01
5.244281802024207195e+01
5.245682244774232572e+01
5.247082687524257949e+01
5.248483130274283326e+01
5.249883573024308703e+01
5.251284015774334080e+01
5.252684458524359457e+01
5.254084901274384833e+01
5.255485344024410210e+01
5.256885786774435587e+01
5.258286229524460964e+01
5.259686672274486341e+01
5.261087115024511718e+01
5.262487557774537095e+01
5.263888000524562472e+01
5.265288443274587848e+01
5.266688886024613225e+01
5.268089328774638602e+01
5.269489771524663979e+01
5.270890214274689356e+01
5.272290657024714733e+01
5.273691099774740110e+01
5.275091542524765487e+01
5.276491985274790864e+01
5.277892428024816240e+01
5.279292870774841617e+01
5.280693313524866994e+01
5.282093756274892371e+01
5.283494199024917748e+01
5.284894641774943125e+01
5.286295084524968502e+01
5.287695527274993879e+01
5.289095970025019255e+01
5.290496412775044632e+01
5.291896855525070009e+01
5.293297298275095386e+01
5.294697741025120763e+01
5.296098183775146140e+01
5.297498626525171517e+01
5.298899069275196894e+01
5.300299512025222270e+01
5.301699954775247647e+01
5.303100397525273024e+01
5.304500840275298401e+01
5.305901283025323778e+01
5.307301725775349155e+01
5.308702168525374532e+01
5.310102611275399909e+01
5.311503054025425286e+01
5.312903496775450662e+01
5.314303939525476039e+01
5.315704382275501416e+01
5.317104825025526793e+01
5.318505267775552170e+01
5.319905710525577547e+01
5.321306153275602924e+01
5.322706596025628301e+01
5.324107038775653677e+01
5.325507481525679054e+01
5.326907924275704431e+01
5.328308367025729808e+01
5.329708809775755185e+01
5.331109252525780562e+01
5.332509695275805939e+01
5.333910138025831316e+01
5.335310580775856693e+01
5.336711023525882069e+01
5.338111466275907446e+01
5.339511909025932823e+01
5.340912351775958200e+01
5.342312794525983577e+01
5.343713237276008954e+01
5.345113680026034331e+01
5.346514122776059708e+01
5.347914565526085084e+01
5.349315008276110461e+01
5.350715451026135838e+01
5.352115893776161215e+01
5.353516336526186592e+01
5.354916779276211969e+01
5.356317222026237346e+01
5.357717664776262723e+01
5.359118107526288100e+01
5.360518550276313476e+01
5.361918993026338853e+01
5.363319435776364230e+01
5.364719878526389607e+01
5.366120321276414984e+01
5.367520764026440361e+01
5.368921206776465738e+01
5.370321649526491115e+01
5.371722092276516491e+01
5.373122535026541868e+01
5.374522977776567245e+01
5.375923420526592622e+01
5.377323863276617999e+01
5.378724306026643376e+01
5.380124748776668753e+01
5.381525191526694130e+01
5.382925634276719506e+01
5.384326077026744883e+01
5.385726519776770260e+01
5.387126962526795637e+01
5.388527405276821014e+01
5.389927848026846391e+01
5.391328290776871768e+01
5.392728733526897145e+01
5.394129176276922522e+01
5.395529619026947898e+01
5.396930061776973275e+01
5.398330504526998652e+01
5.399730947277024029e+01
5.401131390027049406e+01
5.402531832777074783e+01
5.403932275527100160e+01
5.405332718277125537e+01
5.406733161027150913e+01
5.408133603777176290e+01
5.409534046527201667e+01
5.410934489277227044e+01
5.412334932027252421e+01
5.413735374777277798e+01
5.415135817527303175e+01
5.416536260277328552e+01
5.417936703027353929e+01
5.419337145777379305e+01
5.420737588527404682e+01
5.422138031277430059e+01
5.423538474027455436e+01
5.424938916777480813e+01
5.426339359527506190e+01
5.427739802277531567e+01
5.429140245027556944e+01
5.430540687777582320e+01
5.431941130527607697e+01
5.433341573277633074e+01
5.434742016027658451e+01
5.436142458777683828e+01
5.437542901527709205e+01
5.438943344277734582e+01
5.440343787027759959e+01
5.441744229777785336e+01
5.443144672527810712e+01
5.444545115277836089e+01
5.445945558027861466e+01
5.447346000777886843e+01
5.448746443527912220e+01
5.450146886277937597e+01
5.451547329027962974e+01
5.452947771777988351e+01
5.454348214528013727e+01
5.455748657278039104e+01
5.457149100028064481e+01
5.458549542778089858e+01
5.459949985528115235e+01
5.461350428278140612e+01
5.462750871028165989e+01
5.464151313778191366e+01
5.465551756528216742e+01
5.466952199278242119e+01
5.468352642028267496e+01
5.469753084778292873e+01
5.471153527528318250e+01
5.472553970278343627e+01
5.473954413028369004e+01
5.475354855778394381e+01
5.476755298528419758e+01
5.478155741278445134e+01
5.479556184028470511e+01
5.480956626778495888e+01
5.482357069528521265e+01
5.483757512278546642e+01
5.485157955028572019e+01
5.486558397778597396e+01
5.487958840528622773e+01
5.489359283278648149e+01
5.490759726028673526e+01
5.492160168778698903e+01
5.493560611528724280e+01
5.494961054278749657e+01
5.496361497028775034e+01
5.497761939778800411e+01
5.499162382528825788e+01
5.500562825278851165e+01
5.501963268028876541e+01
5.503363710778901918e+01
5.504764153528927295e+01
5.506164596278952672e+01
5.507565039028978049e+01
5.508965481779003426e+01
5.510365924529028803e+01
5.511766367279054180e+01
5.513166810029079556e+01
5.514567252779104933e+01
5.515967695529130310e+01
5.517368138279155687e+01
5.518768581029181064e+01
5.520169023779206441e+01
5.521569466529231818e+01
5.522969909279257195e+01
5.524370352029282571e+01
5.525770794779307948e+01
5.527171237529333325e+01
5.528571680279358702e+01
5.529972123029384079e+01
5.531372565779409456e+01
5.532773008529434833e+01
5.534173451279460210e+01
5.535573894029485587e+01
5.536974336779510963e+01
5.538374779529536340e+01
5.539775222279561717e+01
5.541175665029587094e+01
5.542576107779612471e+01
5.543976550529637848e+01
5.545376993279663225e+01
5.546777436029688602e+01
5.548177878779713978e+01
5.549578321529739355e+01
5.550978764279764732e+01
5.552379207029790109e+01
5.553779649779815486e+01
5.555180092529840863e+01
5.556580535279866240e+01
5.557980978029891617e+01
5.559381420779916994e+01
5.560781863529942370e+01
5.562182306279967747e+01
5.563582749029993124e+01
5.564983191780018501e+01
5.566383634530043878e+01
5.567784077280069255e+01
5.569184520030094632e+01
5.570584962780120009e+01
5.571985405530145385e+01
5.573385848280170762e+01
5.574786291030196139e+01
5.576186733780221516e+01
5.577587176530246893e+01
5.578987619280272270e+01
5.580388062030297647e+01
5.581788504780323024e+01
5.583188947530348401e+01
5.584589390280373777e+01
5.585989833030399154e+01
5.587390275780424531e+01
5.588790718530449908e+01
5.590191161280475285e+01
5.591591604030500662e+01
5.592992046780526039e+01
5.594392489530551416e+01
5.595792932280576792e+01
5.597193375030602169e+01
5.598593817780627546e+01
5.599994260530652923e+01
5.601394703280678300e+01
5.602795146030703677e+01
5.604195588780729054e+01
5.605596031530754431e+01
5.606996474280779807e+01
5.608396917030805184e+01
5.609797359780830561e+01
5.611197802530855938e+01
5.612598245280881315e+01
5.613998688030906692e+01
5.615399130780932069e+01
5.616799573530957446e+01
5.618200016280982823e+01
5.619600459031008199e+01
5.621000901781033576e+01
5.622401344531058953e+01
5.623801787281084330e+01
5.625202230031109707e+01
5.626602672781135084e+01
5.628003115531160461e+01
5.629403558281185838e+01
5.630804001031211214e+01
5.632204443781236591e+01
5.633604886531261968e+01
5.635005329281287345e+01
5.636405772031312722e+01
5.637806214781338099e+01
5.639206657531363476e+01
5.640607100281388853e+01
5.642007543031414230e+01
5.643407985781439606e+01
5.644808428531464983e+01
5.646208871281490360e+01
5.647609314031515737e+01
5.649009756781541114e+01
5.650410199531566491e+01
5.651810642281591868e+01
5.653211085031617245e+01
5.654611527781642621e+01
5.656011970531667998e+01
5.657412413281693375e+01
5.658812856031718752e+01
5.660213298781744129e+01
5.661613741531769506e+01
5.663014184281794883e+01
5.664414627031820260e+01
5.665815069781845636e+01
5.667215512531871013e+01
5.668615955281896390e+01
5.670016398031921767e+01
5.671416840781947144e+01
5.672817283531972521e+01
5.674217726281997898e+01
5.675618169032023275e+01
5.677018611782048652e+01
5.678419054532074028e+01
5.679819497282099405e+01
5.681219940032124782e+01
5.682620382782150159e+01
5.684020825532175536e+01
5.685421268282200913e+01
5.686821711032226290e+01
5.688222153782251667e+01
5.689622596532277043e+01
5.691023039282302420e+01
5.692423482032327797e+01
5.693823924782353174e+01
5.695224367532378551e+01
5.696624810282403928e+01
5.698025253032429305e+01
5.699425695782454682e+01
5.700826138532480059e+01
5.702226581282505435e+01
5.703627024032530812e+01
5.705027466782556189e+01
5.706427909532581566e+01
5.707828352282606943e+01
5.709228795032632320e+01
5.710629237782657697e+01
5.712029680532683074e+01
5.713430123282708450e+01
5.714830566032733827e+01
5.716231008782759204e+01
5.717631451532784581e+01
5.719031894282809958e+01
5.720432337032835335e+01
5.721832779782860712e+01
5.723233222532886089e+01
5.724633665282911466e+01
5.726034108032936842e+01
5.727434550782962219e+01
5.728834993532987596e+01
5.730235436283012973e+01
5.731635879033038350e+01
5.733036321783063727e+01
5.734436764533089104e+01
5.735837207283114481e+01
5.737237650033139857e+01
5.738638092783165234e+01
5.740038535533190611e+01
5.741438978283215988e+01
5.742839421033241365e+01
5.744239863783266742e+01
5.745640306533292119e+01
5.747040749283317496e+01
5.748441192033342872e+01
5.749841634783368249e+01
5.751242077533393626e+01
5.752642520283419003e+01
5.754042963033444380e+01
5.755443405783469757e+01
5.756843848533495134e+01
5.758244291283520511e+01
5.759644734033545888e+01
5.761045176783571264e+01
5.762445619533596641e+01
5.763846062283622018e+01
5.765246505033647395e+01
5.766646947783672772e+01
5.768047390533698149e+01
5.769447833283723526e+01
5.770848276033748903e+01
5.772248718783774279e+01
5.773649161533799656e+01
5.775049604283825033e+01
5.776450047033850410e+01
5.777850489783875787e+01
5.779250932533901164e+01
5.780651375283926541e+01
5.782051818033951918e+01
5.783452260783977295e+01
5.784852703534002671e+01
5.786253146284028048e+01
5.787653589034053425e+01
5.789054031784078802e+01
5.790454474534104179e+01
5.791854917284129556e+01
5.793255360034154933e+01
5.794655802784180310e+01
5.796056245534205686e+01
5.797456688284231063e+01
5.798857131034256440e+01
5.800257573784281817e+01
5.801658016534307194e+01
5.803058459284332571e+01
5.804458902034357948e+01
5.805859344784383325e+01
5.807259787534408702e+01
5.808660230284434078e+01
5.810060673034459455e+01
5.811461115784484832e+01
5.812861558534510209e+01
5.814262001284535586e+01
5.815662444034560963e+01
5.817062886784586340e+01
5.818463329534611717e+01
5.819863772284637093e+01
5.821264215034662470e+01
5.822664657784687847e+01
5.824065100534713224e+01
5.825465543284738601e+01
5.826865986034763978e+01
5.828266428784789355e+01
5.829666871534814732e+01
5.831067314284840108e+01
5.832467757034865485e+01
5.833868199784890862e+01
5.835268642534916239e+01
5.836669085284941616e+01
5.838069528034966993e+01
5.839469970784992370e+01
5.840870413535017747e+01
5.842270856285043124e+01
5.843671299035068500e+01
5.845071741785093877e+01
5.846472184535119254e+01
5.847872627285144631e+01
5.849273070035170008e+01
5.850673512785195385e+01
5.852073955535220762e+01
5.853474398285246139e+01
5.854874841035271515e+01
5.856275283785296892e+01
5.857675726535322269e+01
5.859076169285347646e+01
5.860476612035373023e+01
5.861877054785398400e+01
5.863277497535423777e+01
5.864677940285449154e+01
5.866078383035474531e+01
5.867478825785499907e+01
5.868879268535525284e+01
5.870279711285550661e+01
5.871680154035576038e+01
5.873080596785601415e+01
5.874481039535626792e+01
5.875881482285652169e+01
5.877281925035677546e+01
5.878682367785702922e+01
5.880082810535728299e+01
5.881483253285753676e+01
5.882883696035779053e+01
5.884284138785804430e+01
5.885684581535829807e+01
5.887085024285855184e+01
5.888485467035880561e+01
5.889885909785905937e+01
5.891286352535931314e+01
5.892686795285956691e+01
5.894087238035982068e+01
5.895487680786007445e+01
5.896888123536032822e+01
5.898288566286058199e+01
5.899689009036083576e+01
5.901089451786108953e+01
5.902489894536134329e+01
5.903890337286159706e+01
5.905290780036185083e+01
5.906691222786210460e+01
5.908091665536235837e+01
5.909492108286261214e+01
5.910892551036286591e+01
5.912292993786311968e+01
5.913693436536337344e+01
5.915093879286362721e+01
5.916494322036388098e+01
5.917894764786413475e+01
5.919295207536438852e+01
5.920695650286464229e+01
5.922096093036489606e+01
5.923496535786514983e+01
5.924896978536540360e+01
5.926297421286565736e+01
5.927697864036591113e+01
5.929098306786616490e+01
5.930498749536641867e+01
5.931899192286667244e+01
5.933299635036692621e+01
5.934700077786717998e+01
5.936100520536743375e+01
5.937500963286768751e+01
5.938901406036794128e+01
5.940301848786819505e+01
5.941702291536844882e+01
5.943102734286870259e+01
5.944503177036895636e+01
5.945903619786921013e+01
5.947304062536946390e+01
5.948704505286971767e+01
5.950104948036997143e+01
5.951505390787022520e+01
5.952905833537047897e+01
5.954306276287073274e+01
5.955706719037098651e+01
5.957107161787124028e+01
5.958507604537149405e+01
5.959908047287174782e+01
5.961308490037200158e+01
5.962708932787225535e+01
5.964109375537250912e+01
5.965509818287276289e+01
5.966910261037301666e+01
5.968310703787327043e+01
5.969711146537352420e+01
5.971111589287377797e+01
5.972512032037403173e+01
5.973912474787428550e+01
5.975312917537453927e+01
5.976713360287479304e+01
5.978113803037504681e+01
5.979514245787530058e+01
5.980914688537555435e+01
5.982315131287580812e+01
5.983715574037606189e+01
5.985116016787631565e+01
5.986516459537656942e+01
5.987916902287682319e+01
5.989317345037707696e+01
5.990717787787733073e+01
5.992118230537758450e+01
5.993518673287783827e+01
5.994919116037809204e+01
5.996319558787834580e+01
5.997720001537859957e+01
5.999120444287885334e+01
6.000520887037910711e+01
6.001921329787936088e+01
6.003321772537961465e+01
6.004722215287986842e+01
6.006122658038012219e+01
6.007523100788037596e+01
6.008923543538062972e+01
6.010323986288088349e+01
6.011724429038113726e+01
6.013124871788139103e+01
6.014525314538164480e+01
6.015925757288189857e+01
6.017326200038215234e+01
6.018726642788240611e+01
6.020127085538265987e+01
6.021527528288291364e+01
6.022927971038316741e+01
6.024328413788342118e+01
6.025728856538367495e+01
6.027129299288392872e+01
6.028529742038418249e+01
6.029930184788443626e+01
6.031330627538469003e+01
6.032731070288494379e+01
6.034131513038519756e+01
6.035531955788545133e+01
6.036932398538570510e+01
6.038332841288595887e+01
6.039733284038621264e+01
6.041133726788646641e+01
6.042534169538672018e+01
6.043934612288697394e+01
6.045335055038722771e+01
6.046735497788748148e+01
6.048135940538773525e+01
6.049536383288798902e+01
6.050936826038824279e+01
6.052337268788849656e+01
6.053737711538875033e+01
6.055138154288900409e+01
6.056538597038925786e+01
6.057939039788951163e+01
6.059339482538976540e+01
6.060739925289001917e+01
6.062140368039027294e+01
6.063540810789052671e+01
6.064941253539078048e+01
6.066341696289103425e+01
6.067742139039128801e+01
6.069142581789154178e+01
6.070543024539179555e+01
6.071943467289204932e+01
6.073343910039230309e+01
6.074744352789255686e+01
6.076144795539281063e+01
6.077545238289306440e+01
6.078945681039331816e+01
6.080346123789357193e+01
6.081746566539382570e+01
6.083147009289407947e+01
6.084547452039433324e+01
6.085947894789458701e+01
6.087348337539484078e+01
6.088748780289509455e+01
6.090149223039534832e+01
6.091549665789560208e+01
6.092950108539585585e+01
6.094350551289610962e+01
6.095750994039636339e+01
6.097151436789661716e+01
6.098551879539687093e+01
6.099952322289712470e+01
6.101352765039737847e+01
6.102753207789763223e+01
6.104153650539788600e+01
6.105554093289813977e+01
6.106954536039839354e+01
6.108354978789864731e+01
6.109755421539890108e+01
6.111155864289915485e+01
6.112556307039940862e+01
6.113956749789966238e+01
6.115357192539991615e+01
6.116757635290016992e+01
6.118158078040042369e+01
6.119558520790067746e+01
6.120958963540093123e+01
6.122359406290118500e+01
6.123759849040143877e+01
6.125160291790169254e+01
6.126560734540194630e+01
6.127961177290220007e+01
6.129361620040245384e+01
6.130762062790270761e+01
6.132162505540296138e+01
6.133562948290321515e+01
6.134963391040346892e+01
6.136363833790372269e+01
6.137764276540397645e+01
6.139164719290423022e+01
6.140565162040448399e+01
6.141965604790473776e+01
6.143366047540499153e+01
6.144766490290524530e+01
6.146166933040549907e+01
6.147567375790575284e+01
6.148967818540600661e+01
6.150368261290626037e+01
6.151768704040651414e+01
6.153169146790676791e+01
6.154569589540702168e+01
6.155970032290727545e+01
6.157370475040752922e+01
6.158770917790778299e+01
6.160171360540803676e+01
6.161571803290829052e+01
6.162972246040854429e+01
6.164372688790879806e+01
6.165773131540905183e+01
6.167173574290930560e+01
6.168574017040955937e+01
6.169974459790981314e+01
6.171374902541006691e+01
6.172775345291032068e+01
6.174175788041057444e+01
6.175576230791082821e+01
6.176976673541108198e+01
6.178377116291133575e+01
6.179777559041158952e+01
6.181178001791184329e+01
6.182578444541209706e+01
6.183978887291235083e+01
6.185379330041260459e+01
6.186779772791285836e+01
6.188180215541311213e+01
6.189580658291336590e+01
6.190981101041361967e+01
6.192381543791387344e+01
6.193781986541412721e+01
6.195182429291438098e+01
6.196582872041463474e+01
6.197983314791488851e+01
6.199383757541514228e+01
6.200784200291539605e+01
6.202184643041564982e+01
6.203585085791590359e+01
6.204985528541615736e+01
6.206385971291641113e+01
6.207786414041666490e+01
6.209186856791691866e+01
6.210587299541717243e+01
6.211987742291742620e+01
6.213388185041767997e+01
6.214788627791793374e+01
6.216189070541818751e+01
6.217589513291844128e+01
6.218989956041869505e+01
6.220390398791894881e+01
6.221790841541920258e+01
6.223191284291945635e+01
6.224591727041971012e+01
6.225992169791996389e+01
6.227392612542021766e+01
6.228793055292047143e+01
6.230193498042072520e+01
6.231593940792097897e+01
6.232994383542123273e+01
6.234394826292148650e+01
6.235795269042174027e+01
6.237195711792199404e+01
6.238596154542224781e+01
6.239996597292250158e+01
6.241397040042275535e+01
6.242797482792300912e+01
6.244197925542326288e+01
6.245598368292351665e+01
6.246998811042377042e+01
6.248399253792402419e+01
6.249799696542427796e+01
6.251200139292453173e+01
6.252600582042478550e+01
6.254001024792503927e+01
6.255401467542529304e+01
6.256801910292554680e+01
6.258202353042580057e+01
6.259602795792605434e+01
6.261003238542630811e+01
6.262403681292656188e+01
6.263804124042681565e+01
6.265204566792706942e+01
6.266605009542732319e+01
6.268005452292757695e+01
6.269405895042783072e+01
6.270806337792808449e+01
6.272206780542833826e+01
6.273607223292859203e+01
6.275007666042884580e+01
6.276408108792909957e+01
6.277808551542935334e+01
6.279208994292960710e+01
6.280609437042986087e+01
6.282009879793011464e+01
6.283410322543036841e+01
6.284810765293062218e+01
6.286211208043087595e+01
6.287611650793112972e+01
6.289012093543138349e+01
6.290412536293163726e+01
6.291812979043189102e+01
6.293213421793214479e+01
6.294613864543239856e+01
6.296014307293265233e+01
6.297414750043290610e+01
6.298815192793315987e+01
6.300215635543341364e+01
6.301616078293366741e+01
6.303016521043392117e+01
6.304416963793417494e+01
6.305817406543442871e+01
6.307217849293468248e+01
6.308618292043493625e+01
6.310018734793519002e+01
6.311419177543544379e+01
6.312819620293569756e+01
6.314220063043595133e+01
6.315620505793620509e+01
6.317020948543645886e+01
6.318421391293671263e+01
6.319821834043696640e+01
6.321222276793722017e+01
6.322622719543747394e+01
6.324023162293772771e+01
6.325423605043798148e+01
6.326824047793823524e+01
6.328224490543848901e+01
6.329624933293874278e+01
6.331025376043899655e+01
6.332425818793925032e+01
6.333826261543950409e+01
6.335226704293975786e+01
6.336627147044001163e+01
6.338027589794026539e+01
6.339428032544051916e+01
6.340828475294077293e+01
6.342228918044102670e+01
6.343629360794128047e+01
6.345029803544153424e+01
6.346430246294178801e+01
6.347830689044204178e+01
6.349231131794229555e+01
6.350631574544254931e+01
6.352032017294280308e+01
6.353432460044305685e+01
6.354832902794331062e+01
6.356233345544356439e+01
6.357633788294381816e+01
6.359034231044407193e+01
6.360434673794432570e+01
6.361835116544457946e+01
6.363235559294483323e+01
6.364636002044508700e+01
6.366036444794534077e+01
6.367436887544559454e+01
6.368837330294584831e+01
6.370237773044610208e+01
6.371638215794635585e+01
6.373038658544660962e+01
6.374439101294686338e+01
6.375839544044711715e+01
6.377239986794737092e+01
6.378640429544762469e+01
6.380040872294787846e+01
6.381441315044813223e+01
6.382841757794838600e+01
6.384242200544863977e+01
6.385642643294889353e+01
6.387043086044914730e+01
6.388443528794940107e+01
6.389843971544965484e+01
6.391244414294990861e+01
6.392644857045016238e+01
6.394045299795041615e+01
6.395445742545066992e+01
6.396846185295092369e+01
6.398246628045117745e+01
6.399647070795143122e+01
6.401047513545168499e+01
6.402447956295193876e+01
6.403848399045219253e+01
6.405248841795244630e+01
6.406649284545270007e+01
6.408049727295295384e+01
6.409450170045320760e+01
6.410850612795346137e+01
6.412251055545371514e+01
6.413651498295396891e+01
6.415051941045422268e+01
6.416452383795447645e+01
6.417852826545473022e+01
6.419253269295498399e+01
6.420653712045523775e+01
6.422054154795549152e+01
6.423454597545574529e+01
6.424855040295599906e+01
6.426255483045625283e+01
6.427655925795650660e+01
6.429056368545676037e+01
6.430456811295701414e+01
6.431857254045726791e+01
6.433257696795752167e+01
6.434658139545777544e+01
6.436058582295802921e+01
6.437459025045828298e+01
6.438859467795853675e+01
6.440259910545879052e+01
6.441660353295904429e+01
6.443060796045929806e+01
6.444461238795955182e+01
6.445861681545980559e+01
6.447262124296005936e+01
6.448662567046031313e+01
6.450063009796056690e+01
6.451463452546082067e+01
6.452863895296107444e+01
6.454264338046132821e+01
6.455664780796158198e+01
6.457065223546183574e+01
6.458465666296208951e+01
6.459866109046234328e+01
6.461266551796259705e+01
6.462666994546285082e+01
6.464067437296310459e+01
6.465467880046335836e+01
6.466868322796361213e+01
6.468268765546386589e+01
6.469669208296411966e+01
6.471069651046437343e+01
6.472470093796462720e+01
6.473870536546488097e+01
6.475270979296513474e+01
6.476671422046538851e+01
6.478071864796564228e+01
6.479472307546589604e+01
6.480872750296614981e+01
6.482273193046640358e+01
6.483673635796665735e+01
6.485074078546691112e+01
6.486474521296716489e+01
6.487874964046741866e+01
6.489275406796767243e+01
6.490675849546792620e+01
6.492076292296817996e+01
6.493476735046843373e+01
6.494877177796868750e+01
6.496277620546894127e+01
6.497678063296919504e+01
6.499078506046944881e+01
6.500478948796970258e+01
6.501879391546995635e+01
6.503279834297021011e+01
6.504680277047046388e+01
6.506080719797071765e+01
6.507481162547097142e+01
6.508881605297122519e+01
6.510282048047147896e+01
6.511682490797173273e+01
6.513082933547198650e+01
6.514483376297224027e+01
6.515883819047249403e+01
6.517284261797274780e+01
6.518684704547300157e+01
6.520085147297325534e+01
6.521485590047350911e+01
6.522886032797376288e+01
6.524286475547401665e+01
6.525686918297427042e+01
6.527087361047452418e+01
6.528487803797477795e+01
6.529888246547503172e+01
6.531288689297528549e+01
6.532689132047553926e+01
6.534089574797579303e+01
6.535490017547604680e+01
6.536890460297630057e+01
6.538290903047655434e+01
6.539691345797680810e+01
6.541091788547706187e+01
6.542492231297731564e+01
6.543892674047756941e+01
6.545293116797782318e+01
6.546693559547807695e+01
6.548094002297833072e+01
6.549494445047858449e+01
6.550894887797883825e+01
6.552295330547909202e+01
6.553695773297934579e+01
6.555096216047959956e+01
6.556496658797985333e+01
6.557897101548010710e+01
6.559297544298036087e+01
6.560697987048061464e+01
6.562098429798086840e+01
6.563498872548112217e+01
6.564899315298137594e+01
6.566299758048162971e+01
6.567700200798188348e+01
6.569100643548213725e+01
6.570501086298239102e+01
6.571901529048264479e+01
6.573301971798289856e+01
6.574702414548315232e+01
6.576102857298340609e+01
6.577503300048365986e+01
6.578903742798391363e+01
6.580304185548416740e+01
6.581704628298442117e+01
6.583105071048467494e+01
6.584505513798492871e+01
6.585905956548518247e+01
6.587306399298543624e+01
6.588706842048569001e+01
6.590107284798594378e+01
6.591507727548619755e+01
6.592908170298645132e+01
6.594308613048670509e+01
6.595709055798695886e+01
6.597109498548721263e+01
6.598509941298746639e+01
6.599910384048772016e+01
6.601310826798797393e+01
6.602711269548822770e+01
6.604111712298848147e+01
6.605512155048873524e+01
6.606912597798898901e+01
6.608313040548924278e+01
6.609713483298949654e+01
6.611113926048975031e+01
6.612514368799000408e+01
6.613914811549025785e+01
6.615315254299051162e+01
6.616715697049076539e+01
6.618116139799101916e+01
6.619516582549127293e+01
6.620917025299152670e+01
6.622317468049178046e+01
6.623717910799203423e+01
6.625118353549228800e+01
6.626518796299254177e+01
6.627919239049279554e+01
6.629319681799304931e+01
6.630720124549330308e+01
6.632120567299355685e+01
6.633521010049381061e+01
6.634921452799406438e+01
6.636321895549431815e+01
6.637722338299457192e+01
6.639122781049482569e+01
6.640523223799507946e+01
6.641923666549533323e+01
6.643324109299558700e+01
6.644724552049584076e+01
6.646124994799609453e+01
6.647525437549634830e+01
6.648925880299660207e+01
6.650326323049685584e+01
6.651726765799710961e+01
6.653127208549736338e+01
6.654527651299761715e+01
6.655928094049787092e+01
6.657328536799812468e+01
6.658728979549837845e+01
6.660129422299863222e+01
6.661529865049888599e+01
6.662930307799913976e+01
6.664330750549939353e+01
6.665731193299964730e+01
6.667131636049990107e+01
6.668532078800015483e+01
6.669932521550040860e+01
6.671332964300066237e+01
6.672733407050091614e+01
6.674133849800116991e+01
6.675534292550142368e+01
6.676934735300167745e+01
6.678335178050193122e+01
6.679735620800218499e+01
6.681136063550243875e+01
6.682536506300269252e+01
6.683936949050294629e+01
6.685337391800320006e+01
6.686737834550345383e+01
6.688138277300370760e+01
6.689538720050396137e+01
6.690939162800421514e+01
6.692339605550446890e+01
6.693740048300472267e+01
6.695140491050497644e+01
6.696540933800523021e+01
6.697941376550548398e+01
6.699341819300573775e+01
6.700742262050599152e+01
6.702142704800624529e+01
6.703543147550649905e+01
6.704943590300675282e+01
6.706344033050700659e+01
6.707744475800726036e+01
6.709144918550751413e+01
6.710545361300776790e+01
6.711945804050802167e+01
6.713346246800827544e+01
6.714746689550852921e+01
6.716147132300878297e+01
6.717547575050903674e+01
6.718948017800929051e+01
6.720348460550954428e+01
6.721748903300979805e+01
6.723149346051005182e+01
6.724549788801030559e+01
6.725950231551055936e+01
6.727350674301081312e+01
6.728751117051106689e+01
6.730151559801132066e+01
6.731552002551157443e+01
6.732952445301182820e+01
6.734352888051208197e+01
6.735753330801233574e+01
6.737153773551258951e+01
6.738554216301284328e+01
6.739954659051309704e+01
6.741355101801335081e+01
6.742755544551360458e+01
6.744155987301385835e+01
6.745556430051411212e+01
6.746956872801436589e+01
6.748357315551461966e+01
6.749757758301487343e+01
6.751158201051512719e+01
6.752558643801538096e+01
6.753959086551563473e+01
6.755359529301588850e+01
6.756759972051614227e+01
6.758160414801639604e+01
6.759560857551664981e+01
6.760961300301690358e+01
6.762361743051715735e+01
6.763762185801741111e+01
6.765162628551766488e+01
6.766563071301791865e+01
6.767963514051817242e+01
6.769363956801842619e+01
6.770764399551867996e+01
6.772164842301893373e+01
6.773565285051918750e+01
6.774965727801944126e+01
6.776366170551969503e+01
6.777766613301994880e+01
6.779167056052020257e+01
6.780567498802045634e+01
6.781967941552071011e+01
6.783368384302096388e+01
6.784768827052121765e+01
6.786169269802147141e+01
6.787569712552172518e+01
6.788970155302197895e+01
6.790370598052223272e+01
6.791771040802248649e+01
6.793171483552274026e+01
6.794571926302299403e+01
6.795972369052324780e+01
6.797372811802350157e+01
6.798773254552375533e+01
6.800173697302400910e+01
6.801574140052426287e+01
6.802974582802451664e+01
6.804375025552477041e+01
6.805775468302502418e+01
6.807175911052527795e+01
6.808576353802553172e+01
6.809976796552578548e+01
6.811377239302603925e+01
6.812777682052629302e+01
6.814178124802654679e+01
6.815578567552680056e+01
6.816979010302705433e+01
6.818379453052730810e+01
6.819779895802756187e+01
6.821180338552781564e+01
6.822580781302806940e+01
6.823981224052832317e+01
6.825381666802857694e+01
6.826782109552883071e+01
6.828182552302908448e+01
6.829582995052933825e+01
6.830983437802959202e+01
6.832383880552984579e+01
6.833784323303009955e+01
6.835184766053035332e+01
6.836585208803060709e+01
6.837985651553086086e+01
6.839386094303111463e+01
6.840786537053136840e+01
6.842186979803162217e+01
6.843587422553187594e+01
6.844987865303212971e+01
6.846388308053238347e+01
6.847788750803263724e+01
6.849189193553289101e+01
6.850589636303314478e+01
6.851990079053339855e+01
6.853390521803365232e+01
6.854790964553390609e+01
6.856191407303415986e+01
6.857591850053441362e+01
6.858992292803466739e+01
6.860392735553492116e+01
6.861793178303517493e+01
6.863193621053542870e+01
6.864594063803568247e+01
6.865994506553593624e+01
6.867394949303619001e+01
6.868795392053644377e+01
6.870195834803669754e+01
6.871596277553695131e+01
6.872996720303720508e+01
6.874397163053745885e+01
6.875797605803771262e+01
6.877198048553796639e+01
6.878598491303822016e+01
6.879998934053847393e+01
6.881399376803872769e+01
6.882799819553898146e+01
6.884200262303923523e+01
6.885600705053948900e+01
6.887001147803974277e+01
6.888401590553999654e+01
6.889802033304025031e+01
6.891202476054050408e+01
6.892602918804075784e+01
6.894003361554101161e+01
6.895403804304126538e+01
6.896804247054151915e+01
6.898204689804177292e+01
6.899605132554202669e+01
6.901005575304228046e+01
6.902406018054253423e+01
6.903806460804278800e+01
6.905206903554304176e+01
6.906607346304329553e+01
6.908007789054354930e+01
6.909408231804380307e+01
6.910808674554405684e+01
6.912209117304431061e+01
6.913609560054456438e+01
6.915010002804481815e+01
6.916410445554507191e+01
6.917810888304532568e+01
6.919211331054557945e+01
6.920611773804583322e+01
6.922012216554608699e+01
6.923412659304634076e+01
6.924813102054659453e+01
6.926213544804684830e+01
6.927613987554710206e+01
6.929014430304735583e+01
6.930414873054760960e+01
6.931815315804786337e+01
6.933215758554811714e+01
6.934616201304837091e+01
6.936016644054862468e+01
6.937417086804887845e+01
6.938817529554913222e+01
6.940217972304938598e+01
6.941618415054963975e+01
6.943018857804989352e+01
6.944419300555014729e+01
6.945819743305040106e+01
6.947220186055065483e+01
6.948620628805090860e+01
6.950021071555116237e+01
6.951421514305141613e+01
6.952821957055166990e+01
6.954222399805192367e+01
6.955622842555217744e+01
6.957023285305243121e+01
6.958423728055268498e+01
6.959824170805293875e+01
6.961224613555319252e+01
6.962625056305344629e+01
6.964025499055370005e+01
6.965425941805395382e+01
6.966826384555420759e+01
6.968226827305446136e+01
6.969627270055471513e+01
6.971027712805496890e+01
6.972428155555522267e+01
6.973828598305547644e+01
6.975229041055573020e+01
6.976629483805598397e+01
6.978029926555623774e+01
6.979430369305649151e+01
6.980830812055674528e+01
6.982231254805699905e+01
6.983631697555725282e+01
6.985032140305750659e+01
6.986432583055776036e+01
6.987833025805801412e+01
6.989233468555826789e+01
6.990633911305852166e+01
6.992034354055877543e+01
6.993434796805902920e+01
6.994835239555928297e+01
6.996235682305953674e+01
6.997636125055979051e+01
6.999036567806004427e+01
7.000437010556029804e+01
7.001837453306055181e+01
7.003237896056080558e+01
7.004638338806105935e+01
7.006038781556131312e+01
7.007439224306156689e+01
7.008839667056182066e+01
7.010240109806207442e+01
7.011640552556232819e+01
7.013040995306258196e+01
7.014441438056283573e+01
7.015841880806308950e+01
7.017242323556334327e+01
7.018642766306359704e+01
7.020043209056385081e+01
7.021443651806410458e+01
7.022844094556435834e+01
7.024244537306461211e+01
7.025644980056486588e+01
7.027045422806511965e+01
7.028445865556537342e+01
7.029846308306562719e+01
7.031246751056588096e+01
7.032647193806613473e+01
7.034047636556638849e+01
7.035448079306664226e+01
7.036848522056689603e+01
7.038248964806714980e+01
7.039649407556740357e+01
7.041049850306765734e+01
7.042450293056791111e+01
7.043850735806816488e+01
7.045251178556841865e+01
7.046651621306867241e+01
7.048052064056892618e+01
7.049452506806917995e+01
7.050852949556943372e+01
7.052253392306968749e+01
7.053653835056994126e+01
7.055054277807019503e+01
7.056454720557044880e+01
7.057855163307070256e+01
7.059255606057095633e+01
7.060656048807121010e+01
7.062056491557146387e+01
7.063456934307171764e+01
7.064857377057197141e+01
7.066257819807222518e+01
7.067658262557247895e+01
7.069058705307273272e+01
7.070459148057298648e+01
7.071859590807324025e+01
7.073260033557349402e+01
7.074660476307374779e+01
7.076060919057400156e+01
7.077461361807425533e+01
7.078861804557450910e+01
7.080262247307476287e+01
7.081662690057501663e+01
7.083063132807527040e+01
7.084463575557552417e+01
7.085864018307577794e+01
7.087264461057603171e+01
7.088664903807628548e+01
7.090065346557653925e+01
7.091465789307679302e+01
7.092866232057704678e+01
7.094266674807730055e+01
7.095667117557755432e+01
7.097067560307780809e+01
7.098468003057806186e+01
7.099868445807831563e+01
7.101268888557856940e+01
7.102669331307882317e+01
7.104069774057907694e+01
7.105470216807933070e+01
7.106870659557958447e+01
7.108271102307983824e+01
7.109671545058009201e+01
7.111071987808034578e+01
7.112472430558059955e+01
7.113872873308085332e+01
7.115273316058110709e+01
7.116673758808136085e+01
7.118074201558161462e+01
7.119474644308186839e+01
7.120875087058212216e+01
7.122275529808237593e+01
7.123675972558262970e+01
7.125076415308288347e+01
7.126476858058313724e+01
7.127877300808339101e+01
7.129277743558364477e+01
7.130678186308389854e+01
7.132078629058415231e+01
7.133479071808440608e+01
7.134879514558465985e+01
7.136279957308491362e+01
7.137680400058516739e+01
7.139080842808542116e+01
7.140481285558567492e+01
7.141881728308592869e+01
7.143282171058618246e+01
7.144682613808643623e+01
7.146083056558669000e+01
7.147483499308694377e+01
7.148883942058719754e+01
7.150284384808745131e+01
7.151684827558770507e+01
7.153085270308795884e+01
7.154485713058821261e+01
7.155886155808846638e+01
7.157286598558872015e+01
7.158687041308897392e+01
7.160087484058922769e+01
7.161487926808948146e+01
7.162888369558973523e+01
7.164288812308998899e+01
7.165689255059024276e+01
7.167089697809049653e+01
7.168490140559075030e+01
7.169890583309100407e+01
7.171291026059125784e+01
7.172691468809151161e+01
7.174091911559176538e+01
7.175492354309201914e+01
